0.1000000E+01 0.4919314E-01
0.1001500E+01 0.4895245E-01
0.1003000E+01 0.4875575E-01
0.1004500E+01 0.4854935E-01
0.1006000E+01 0.4833328E-01
0.1007500E+01 0.4836586E-01
0.1009000E+01 0.4839328E-01
0.1010500E+01 0.4840504E-01
0.1012000E+01 0.4840114E-01
0.1013500E+01 0.4838159E-01
0.1015000E+01 0.4834637E-01
0.1016500E+01 0.4829550E-01
0.1018000E+01 0.4822896E-01
0.1019500E+01 0.4814677E-01
0.1021000E+01 0.4804891E-01
0.1022500E+01 0.4793540E-01
0.1024000E+01 0.4780623E-01
0.1025500E+01 0.4766140E-01
0.1027000E+01 0.4750091E-01
0.1028500E+01 0.4732477E-01
0.1030000E+01 0.4713296E-01
0.1031500E+01 0.4692549E-01
0.1033000E+01 0.4670237E-01
0.1034500E+01 0.4646358E-01
0.1036000E+01 0.4620914E-01
0.1037500E+01 0.4594030E-01
0.1039000E+01 0.4571008E-01
0.1040500E+01 0.4544443E-01
0.1042000E+01 0.4513730E-01
0.1043500E+01 0.4478868E-01
0.1045000E+01 0.4439857E-01
0.1046500E+01 0.4396698E-01
0.1048000E+01 0.4349390E-01
0.1049500E+01 0.4297933E-01
0.1051000E+01 0.4269756E-01
0.1052500E+01 0.4243943E-01
0.1054000E+01 0.4218833E-01
0.1055500E+01 0.4194423E-01
0.1057000E+01 0.4170716E-01
0.1058500E+01 0.4147710E-01
0.1060000E+01 0.4125405E-01
0.1061500E+01 0.4103802E-01
0.1063000E+01 0.4082901E-01
0.1064500E+01 0.4062701E-01
0.1066000E+01 0.4043202E-01
0.1067500E+01 0.4024406E-01
0.1069000E+01 0.4006311E-01
0.1070500E+01 0.3988917E-01
0.1072000E+01 0.3972225E-01
0.1073500E+01 0.3956234E-01
0.1075000E+01 0.3940945E-01
0.1076500E+01 0.3926358E-01
0.1078000E+01 0.3912472E-01
0.1079500E+01 0.3899288E-01
0.1081000E+01 0.3886805E-01
0.1082500E+01 0.3875024E-01
0.1084000E+01 0.3863944E-01
0.1085500E+01 0.3853566E-01
0.1087000E+01 0.3843890E-01
0.1088500E+01 0.3834915E-01
0.1090000E+01 0.3826641E-01
0.1091500E+01 0.3819070E-01
0.1093000E+01 0.3812199E-01
0.1094500E+01 0.3806031E-01
0.1096000E+01 0.3800563E-01
0.1097500E+01 0.3795798E-01
0.1099000E+01 0.3791734E-01
0.1100500E+01 0.3788371E-01
0.1102000E+01 0.3785710E-01
0.1103500E+01 0.3783751E-01
0.1105000E+01 0.3782493E-01
0.1106500E+01 0.3781937E-01
0.1108000E+01 0.3805682E-01
0.1109500E+01 0.3848999E-01
0.1111000E+01 0.3890479E-01
0.1112500E+01 0.3930124E-01
0.1114000E+01 0.3967931E-01
0.1115500E+01 0.4003903E-01
0.1117000E+01 0.4038038E-01
0.1118500E+01 0.4070337E-01
0.1120000E+01 0.4104276E-01
0.1121500E+01 0.4139302E-01
0.1123000E+01 0.4172735E-01
0.1124500E+01 0.4204574E-01
0.1126000E+01 0.4234821E-01
0.1127500E+01 0.4263475E-01
0.1129000E+01 0.4290536E-01
0.1130500E+01 0.4316003E-01
0.1132000E+01 0.4339878E-01
0.1133500E+01 0.4362160E-01
0.1135000E+01 0.4382848E-01
0.1136500E+01 0.4401944E-01
0.1138000E+01 0.4419446E-01
0.1139500E+01 0.4435356E-01
0.1141000E+01 0.4449673E-01
0.1142500E+01 0.4462396E-01
0.1144000E+01 0.4473527E-01
0.1145500E+01 0.4483064E-01
0.1147000E+01 0.4491009E-01
0.1148500E+01 0.4497360E-01
0.1150000E+01 0.4502118E-01
0.1151500E+01 0.4505284E-01
0.1153000E+01 0.4506856E-01
0.1154500E+01 0.4506836E-01
0.1156000E+01 0.4505222E-01
0.1157500E+01 0.4502015E-01
0.1159000E+01 0.4497216E-01
0.1160500E+01 0.4490823E-01
0.1162000E+01 0.4482837E-01
0.1163500E+01 0.4473258E-01
0.1165000E+01 0.4462087E-01
0.1166500E+01 0.4449322E-01
0.1168000E+01 0.4434964E-01
0.1169500E+01 0.4419013E-01
0.1171000E+01 0.4401469E-01
0.1172500E+01 0.4382332E-01
0.1174000E+01 0.4361602E-01
0.1175500E+01 0.4339280E-01
0.1177000E+01 0.4315364E-01
0.1178500E+01 0.4289855E-01
0.1180000E+01 0.4262753E-01
0.1181500E+01 0.4234058E-01
0.1183000E+01 0.4203770E-01
0.1184500E+01 0.4171889E-01
0.1186000E+01 0.4138415E-01
0.1187500E+01 0.4103347E-01
0.1189000E+01 0.4066687E-01
0.1190500E+01 0.4028434E-01
0.1192000E+01 0.3988588E-01
0.1193500E+01 0.3947149E-01
0.1195000E+01 0.3904117E-01
0.1196500E+01 0.3864006E-01
0.1198000E+01 0.3852879E-01
0.1199500E+01 0.3842015E-01
0.1201000E+01 0.3831415E-01
0.1202500E+01 0.3821080E-01
0.1204000E+01 0.3811009E-01
0.1205500E+01 0.3801201E-01
0.1207000E+01 0.3791658E-01
0.1208500E+01 0.3782379E-01
0.1210000E+01 0.3773364E-01
0.1211500E+01 0.3764613E-01
0.1213000E+01 0.3756127E-01
0.1214500E+01 0.3747904E-01
0.1216000E+01 0.3739945E-01
0.1217500E+01 0.3732251E-01
0.1219000E+01 0.3724821E-01
0.1220500E+01 0.3717654E-01
0.1222000E+01 0.3710752E-01
0.1223500E+01 0.3704114E-01
0.1225000E+01 0.3697740E-01
0.1226500E+01 0.3691630E-01
0.1228000E+01 0.3685784E-01
0.1229500E+01 0.3680203E-01
0.1231000E+01 0.3674885E-01
0.1232500E+01 0.3669832E-01
0.1234000E+01 0.3665042E-01
0.1235500E+01 0.3646194E-01
0.1237000E+01 0.3625806E-01
0.1238500E+01 0.3606044E-01
0.1240000E+01 0.3586909E-01
0.1241500E+01 0.3568401E-01
0.1243000E+01 0.3550519E-01
0.1244500E+01 0.3533263E-01
0.1246000E+01 0.3516634E-01
0.1247500E+01 0.3500632E-01
0.1249000E+01 0.3485256E-01
0.1250500E+01 0.3470507E-01
0.1252000E+01 0.3456384E-01
0.1253500E+01 0.3442888E-01
0.1255000E+01 0.3430019E-01
0.1256500E+01 0.3417775E-01
0.1258000E+01 0.3406159E-01
0.1259500E+01 0.3395169E-01
0.1261000E+01 0.3384806E-01
0.1262500E+01 0.3375069E-01
0.1264000E+01 0.3365958E-01
0.1265500E+01 0.3357475E-01
0.1267000E+01 0.3349594E-01
0.1268500E+01 0.3341971E-01
0.1270000E+01 0.3334486E-01
0.1271500E+01 0.3327141E-01
0.1273000E+01 0.3319935E-01
0.1274500E+01 0.3312868E-01
0.1276000E+01 0.3305940E-01
0.1277500E+01 0.3299152E-01
0.1279000E+01 0.3292502E-01
0.1280500E+01 0.3285992E-01
0.1282000E+01 0.3279622E-01
0.1283500E+01 0.3273390E-01
0.1285000E+01 0.3267298E-01
0.1286500E+01 0.3261345E-01
0.1288000E+01 0.3255531E-01
0.1289500E+01 0.3251076E-01
0.1291000E+01 0.3246614E-01
0.1292500E+01 0.3242104E-01
0.1294000E+01 0.3237561E-01
0.1295500E+01 0.3232987E-01
0.1297000E+01 0.3228381E-01
0.1298500E+01 0.3223744E-01
0.1300000E+01 0.3219075E-01
0.1301500E+01 0.3214374E-01
0.1303000E+01 0.3209641E-01
0.1304500E+01 0.3204959E-01
0.1306000E+01 0.3200935E-01
0.1307500E+01 0.3196863E-01
0.1309000E+01 0.3192743E-01
0.1310500E+01 0.3188575E-01
0.1312000E+01 0.3184359E-01
0.1313500E+01 0.3180095E-01
0.1315000E+01 0.3167823E-01
0.1316500E+01 0.3148840E-01
0.1318000E+01 0.3128525E-01
0.1319500E+01 0.3108977E-01
0.1321000E+01 0.3149572E-01
0.1322500E+01 0.3315395E-01
0.1324000E+01 0.3446712E-01
0.1325500E+01 0.3543523E-01
0.1327000E+01 0.3605828E-01
0.1328500E+01 0.3633628E-01
0.1330000E+01 0.3620182E-01
0.1331500E+01 0.3570956E-01
0.1333000E+01 0.3486990E-01
0.1334500E+01 0.2251413E-01
0.1336000E+01 -0.4299519E-03
0.1337500E+01 -0.2178899E-01
0.1339000E+01 -0.4155833E-01
0.1340500E+01 -0.5973837E-01
0.1342000E+01 -0.7633283E-01
0.1343500E+01 -0.9134172E-01
0.1345000E+01 -0.1047650E+00
0.1346500E+01 -0.1166032E+00
0.1348000E+01 -0.1268560E+00
0.1349500E+01 -0.1355230E+00
0.1351000E+01 -0.1426044E+00
0.1352500E+01 -0.1471044E+00
0.1354000E+01 -0.1498065E+00
0.1355500E+01 -0.1521736E+00
0.1357000E+01 -0.1542056E+00
0.1358500E+01 -0.1559026E+00
0.1360000E+01 -0.1572646E+00
0.1361500E+01 -0.1582916E+00
0.1363000E+01 -0.1589786E+00
0.1364500E+01 -0.1593297E+00
0.1366000E+01 -0.1593195E+00
0.1367500E+01 -0.1586237E+00
0.1369000E+01 -0.1575631E+00
0.1370500E+01 -0.1561430E+00
0.1372000E+01 -0.1543728E+00
0.1373500E+01 -0.1522526E+00
0.1375000E+01 -0.1497823E+00
0.1376500E+01 -0.1474035E+00
0.1378000E+01 -0.1459029E+00
0.1379500E+01 -0.1444284E+00
0.1381000E+01 -0.1429856E+00
0.1382500E+01 -0.1415747E+00
0.1384000E+01 -0.1401954E+00
0.1385500E+01 -0.1388473E+00
0.1387000E+01 -0.1375252E+00
0.1388500E+01 -0.1362278E+00
0.1390000E+01 -0.1349551E+00
0.1391500E+01 -0.1337064E+00
0.1393000E+01 -0.1324816E+00
0.1394500E+01 -0.1312062E+00
0.1396000E+01 -0.1298952E+00
0.1397500E+01 -0.1286064E+00
0.1399000E+01 -0.1273400E+00
0.1400500E+01 -0.1260959E+00
0.1402000E+01 -0.1248741E+00
0.1403500E+01 -0.1236876E+00
0.1405000E+01 -0.1225235E+00
0.1406500E+01 -0.1213816E+00
0.1408000E+01 -0.1200227E+00
0.1409500E+01 -0.1184321E+00
0.1411000E+01 -0.1168521E+00
0.1412500E+01 -0.1153269E+00
0.1414000E+01 -0.1138162E+00
0.1415500E+01 -0.1123160E+00
0.1417000E+01 -0.1108261E+00
0.1418500E+01 -0.1093467E+00
0.1420000E+01 -0.1078778E+00
0.1421500E+01 -0.1064192E+00
0.1423000E+01 -0.1049711E+00
0.1424500E+01 -0.1035334E+00
0.1426000E+01 -0.1021061E+00
0.1427500E+01 -0.1006893E+00
0.1429000E+01 -0.9928284E-01
0.1430500E+01 -0.9788683E-01
0.1432000E+01 -0.9650141E-01
0.1433500E+01 -0.9512694E-01
0.1435000E+01 -0.9376345E-01
0.1436500E+01 -0.9241093E-01
0.1438000E+01 -0.9106938E-01
0.1439500E+01 -0.8973881E-01
0.1441000E+01 -0.8821428E-01
0.1442500E+01 -0.8668492E-01
0.1444000E+01 -0.8516816E-01
0.1445500E+01 -0.8366400E-01
0.1447000E+01 -0.8217245E-01
0.1448500E+01 -0.8069349E-01
0.1450000E+01 -0.7922713E-01
0.1451500E+01 -0.7777337E-01
0.1453000E+01 -0.7633221E-01
0.1454500E+01 -0.7490365E-01
0.1456000E+01 -0.7348768E-01
0.1457500E+01 -0.7208432E-01
0.1459000E+01 -0.7069356E-01
0.1460500E+01 -0.6931540E-01
0.1462000E+01 -0.6783265E-01
0.1463500E+01 -0.6631699E-01
0.1465000E+01 -0.6462693E-01
0.1466500E+01 -0.6296011E-01
0.1468000E+01 -0.6131655E-01
0.1469500E+01 -0.5969624E-01
0.1471000E+01 -0.5809917E-01
0.1472500E+01 -0.5652536E-01
0.1474000E+01 -0.5497480E-01
0.1475500E+01 -0.5344748E-01
0.1477000E+01 -0.5194342E-01
0.1478500E+01 -0.5046261E-01
0.1480000E+01 -0.4900504E-01
0.1481500E+01 -0.4757073E-01
0.1483000E+01 -0.4615966E-01
0.1484500E+01 -0.4477184E-01
0.1486000E+01 -0.4326508E-01
0.1487500E+01 -0.4176396E-01
0.1489000E+01 -0.4028393E-01
0.1490500E+01 -0.3882502E-01
0.1492000E+01 -0.3738721E-01
0.1493500E+01 -0.3597050E-01
0.1495000E+01 -0.3457490E-01
0.1496500E+01 -0.3320041E-01
0.1498000E+01 -0.3184702E-01
0.1499500E+01 -0.3051474E-01
0.1501000E+01 -0.2920357E-01
0.1502500E+01 -0.2791350E-01
0.1504000E+01 -0.2664453E-01
0.1505500E+01 -0.2539667E-01
0.1507000E+01 -0.2416992E-01
0.1508500E+01 -0.2300277E-01
0.1510000E+01 -0.2185674E-01
0.1511500E+01 -0.2073003E-01
0.1513000E+01 -0.1962265E-01
0.1514500E+01 -0.1853407E-01
0.1516000E+01 -0.1746320E-01
0.1517500E+01 -0.1641200E-01
0.1519000E+01 -0.1538049E-01
0.1520500E+01 -0.1441771E-01
0.1522000E+01 -0.1357668E-01
0.1523500E+01 -0.1273996E-01
0.1525000E+01 -0.1190755E-01
0.1526500E+01 -0.1107505E-01
0.1528000E+01 -0.1024127E-01
0.1529500E+01 -0.9418247E-02
0.1531000E+01 -0.8600561E-02
0.1532500E+01 -0.7788215E-02
0.1534000E+01 -0.6981208E-02
0.1535500E+01 -0.6179540E-02
0.1537000E+01 -0.5383212E-02
0.1538500E+01 -0.4592223E-02
0.1540000E+01 -0.3806587E-02
0.1541500E+01 -0.3026725E-02
0.1543000E+01 -0.2252839E-02
0.1544500E+01 -0.1484928E-02
0.1546000E+01 -0.7229937E-03
0.1547500E+01 0.3296493E-04
0.1549000E+01 0.7829564E-03
0.1550500E+01 0.1535372E-02
0.1552000E+01 0.2295402E-02
0.1553500E+01 0.3063025E-02
0.1555000E+01 0.3838240E-02
0.1556500E+01 0.4621047E-02
0.1558000E+01 0.5411447E-02
0.1559500E+01 0.6209438E-02
0.1561000E+01 0.7015022E-02
0.1562500E+01 0.7659543E-02
0.1564000E+01 0.8114964E-02
0.1565500E+01 0.8574657E-02
0.1567000E+01 0.9038624E-02
0.1568500E+01 0.9506864E-02
0.1570000E+01 0.9979376E-02
0.1571500E+01 0.1045616E-01
0.1573000E+01 0.1093722E-01
0.1574500E+01 0.1142255E-01
0.1576000E+01 0.1191216E-01
0.1577500E+01 0.1240604E-01
0.1579000E+01 0.1290419E-01
0.1580500E+01 0.1340661E-01
0.1582000E+01 0.1391331E-01
0.1583500E+01 0.1442428E-01
0.1585000E+01 0.1493952E-01
0.1586500E+01 0.1545904E-01
0.1588000E+01 0.1598283E-01
0.1589500E+01 0.1651089E-01
0.1591000E+01 0.1704322E-01
0.1592500E+01 0.1757983E-01
0.1594000E+01 0.1812071E-01
0.1595500E+01 0.1866587E-01
0.1597000E+01 0.1921530E-01
0.1598500E+01 0.1976900E-01
0.1600000E+01 0.2032697E-01
0.1601500E+01 0.2088922E-01
0.1603000E+01 0.2145574E-01
0.1604500E+01 0.2202653E-01
0.1606000E+01 0.2249144E-01
0.1607500E+01 0.2270952E-01
0.1609000E+01 0.2292651E-01
0.1610500E+01 0.2314867E-01
0.1612000E+01 0.2338172E-01
0.1613500E+01 0.2361358E-01
0.1615000E+01 0.2384425E-01
0.1616500E+01 0.2407374E-01
0.1618000E+01 0.2430204E-01
0.1619500E+01 0.2452915E-01
0.1621000E+01 0.2475508E-01
0.1622500E+01 0.2497983E-01
0.1624000E+01 0.2520339E-01
0.1625500E+01 0.2542576E-01
0.1627000E+01 0.2547301E-01
0.1628500E+01 0.2531933E-01
0.1630000E+01 0.2517931E-01
0.1631500E+01 0.2503151E-01
0.1633000E+01 0.2485840E-01
0.1634500E+01 0.2465979E-01
0.1636000E+01 0.2443533E-01
0.1637500E+01 0.2417229E-01
0.1639000E+01 0.2387066E-01
0.1640500E+01 0.2353045E-01
0.1642000E+01 0.2315166E-01
0.1643500E+01 0.2273429E-01
0.1645000E+01 0.2227833E-01
0.1646500E+01 0.2178380E-01
0.1648000E+01 0.2125067E-01
0.1649500E+01 0.2067897E-01
0.1651000E+01 0.2006868E-01
0.1652500E+01 0.1941981E-01
0.1654000E+01 0.1873236E-01
0.1655500E+01 0.1800633E-01
0.1657000E+01 0.1724171E-01
0.1658500E+01 0.1643851E-01
0.1660000E+01 0.1559683E-01
0.1661500E+01 0.1471669E-01
0.1663000E+01 0.1379808E-01
0.1664500E+01 0.1284102E-01
0.1666000E+01 0.1196229E-01
0.1667500E+01 0.1126233E-01
0.1669000E+01 0.1053037E-01
0.1670500E+01 0.9765567E-02
0.1672000E+01 0.8967916E-02
0.1673500E+01 0.8137421E-02
0.1675000E+01 0.7274109E-02
0.1676500E+01 0.6377984E-02
0.1678000E+01 0.5449045E-02
0.1679500E+01 0.4487292E-02
0.1681000E+01 0.3492725E-02
0.1682500E+01 0.2465345E-02
0.1684000E+01 0.1405151E-02
0.1685500E+01 0.3121431E-03
0.1687000E+01 -0.3861190E-03
0.1688500E+01 -0.6362718E-03
0.1690000E+01 -0.8895463E-03
0.1691500E+01 -0.1144940E-02
0.1693000E+01 -0.1402451E-02
0.1694500E+01 -0.1662082E-02
0.1696000E+01 -0.1923831E-02
0.1697500E+01 -0.2187699E-02
0.1699000E+01 -0.2453685E-02
0.1700500E+01 -0.2721790E-02
0.1702000E+01 -0.2992014E-02
0.1703500E+01 -0.3264356E-02
0.1705000E+01 -0.3538817E-02
0.1706500E+01 -0.3815397E-02
0.1708000E+01 -0.4094095E-02
0.1709500E+01 -0.4374912E-02
0.1711000E+01 -0.4657847E-02
0.1712500E+01 -0.4942902E-02
0.1714000E+01 -0.5230074E-02
0.1715500E+01 -0.5519366E-02
0.1717000E+01 -0.5810776E-02
0.1718500E+01 -0.6104305E-02
0.1720000E+01 -0.6399952E-02
0.1721500E+01 -0.6697718E-02
0.1723000E+01 -0.6997603E-02
0.1724500E+01 -0.7299606E-02
0.1726000E+01 -0.7603728E-02
0.1727500E+01 -0.7909969E-02
0.1729000E+01 -0.8218328E-02
0.1730500E+01 -0.8487355E-02
0.1732000E+01 -0.8511737E-02
0.1733500E+01 -0.8535280E-02
0.1735000E+01 -0.8557982E-02
0.1736500E+01 -0.8579852E-02
0.1738000E+01 -0.8600976E-02
0.1739500E+01 -0.8621380E-02
0.1741000E+01 -0.8641062E-02
0.1742500E+01 -0.8660023E-02
0.1744000E+01 -0.8678263E-02
0.1745500E+01 -0.8695782E-02
0.1747000E+01 -0.8712579E-02
0.1748500E+01 -0.8728656E-02
0.1750000E+01 -0.8744011E-02
0.1751500E+01 -0.8758645E-02
0.1753000E+01 -0.8772559E-02
0.1754500E+01 -0.8785751E-02
0.1756000E+01 -0.8798221E-02
0.1757500E+01 -0.8808214E-02
0.1759000E+01 -0.8798921E-02
0.1760500E+01 -0.8789291E-02
0.1762000E+01 -0.8779326E-02
0.1763500E+01 -0.8769025E-02
0.1765000E+01 -0.8758387E-02
0.1766500E+01 -0.8747414E-02
0.1768000E+01 -0.8736105E-02
0.1769500E+01 -0.8724459E-02
0.1771000E+01 -0.8712478E-02
0.1772500E+01 -0.8700161E-02
0.1774000E+01 -0.8687507E-02
0.1775500E+01 -0.8674518E-02
0.1777000E+01 -0.8661193E-02
0.1778500E+01 -0.8647531E-02
0.1780000E+01 -0.8633534E-02
0.1781500E+01 -0.8619201E-02
0.1783000E+01 -0.8604485E-02
0.1784500E+01 -0.8589337E-02
0.1786000E+01 -0.8573757E-02
0.1787500E+01 -0.8557744E-02
0.1789000E+01 -0.8541298E-02
0.1790500E+01 -0.8524420E-02
0.1792000E+01 -0.8507109E-02
0.1793500E+01 -0.8489365E-02
0.1795000E+01 -0.8471189E-02
0.1796500E+01 -0.8452581E-02
0.1798000E+01 -0.8465140E-02
0.1799500E+01 -0.8483106E-02
0.1801000E+01 -0.8501560E-02
0.1802500E+01 -0.8520503E-02
0.1804000E+01 -0.8539934E-02
0.1805500E+01 -0.8559854E-02
0.1807000E+01 -0.8580262E-02
0.1808500E+01 -0.8601159E-02
0.1810000E+01 -0.8622544E-02
0.1811500E+01 -0.8644418E-02
0.1813000E+01 -0.8666780E-02
0.1814500E+01 -0.8689631E-02
0.1816000E+01 -0.8712970E-02
0.1817500E+01 -0.8736798E-02
0.1819000E+01 -0.8786060E-02
0.1820500E+01 -0.8835904E-02
0.1822000E+01 -0.8886049E-02
0.1823500E+01 -0.8936494E-02
0.1825000E+01 -0.8987239E-02
0.1826500E+01 -0.9038284E-02
0.1828000E+01 -0.9089630E-02
0.1829500E+01 -0.9141276E-02
0.1831000E+01 -0.9193222E-02
0.1832500E+01 -0.9245468E-02
0.1834000E+01 -0.9298015E-02
0.1835500E+01 -0.9350862E-02
0.1837000E+01 -0.9404009E-02
0.1838500E+01 -0.9457456E-02
0.1840000E+01 -0.9531759E-02
0.1841500E+01 -0.9629787E-02
0.1843000E+01 -0.9730212E-02
0.1844500E+01 -0.9833033E-02
0.1846000E+01 -0.9938251E-02
0.1847500E+01 -0.1004586E-01
0.1849000E+01 -0.1015588E-01
0.1850500E+01 -0.1026828E-01
0.1852000E+01 -0.1038309E-01
0.1853500E+01 -0.1050029E-01
0.1855000E+01 -0.1061988E-01
0.1856500E+01 -0.1071819E-01
0.1858000E+01 -0.1080899E-01
0.1859500E+01 -0.1090274E-01
0.1861000E+01 -0.1099944E-01
0.1862500E+01 -0.1109909E-01
0.1864000E+01 -0.1120170E-01
0.1865500E+01 -0.1130726E-01
0.1867000E+01 -0.1141578E-01
0.1868500E+01 -0.1152724E-01
0.1870000E+01 -0.1164166E-01
0.1871500E+01 -0.1175904E-01
0.1873000E+01 -0.1187937E-01
0.1874500E+01 -0.1200265E-01
0.1876000E+01 -0.1212888E-01
0.1877500E+01 -0.1174678E-01
0.1879000E+01 -0.1127587E-01
0.1880500E+01 -0.1083022E-01
0.1882000E+01 -0.1040983E-01
0.1883500E+01 -0.1001469E-01
0.1885000E+01 -0.9644802E-02
0.1886500E+01 -0.9300168E-02
0.1888000E+01 -0.8980789E-02
0.1889500E+01 -0.8686663E-02
0.1891000E+01 -0.8417791E-02
0.1892500E+01 -0.8174173E-02
0.1894000E+01 -0.7955809E-02
0.1895500E+01 -0.7762698E-02
0.1897000E+01 -0.7594842E-02
0.1898500E+01 -0.7452239E-02
0.1900000E+01 -0.7334890E-02
0.1901500E+01 -0.7242794E-02
0.1903000E+01 -0.7175953E-02
0.1904500E+01 -0.7134365E-02
0.1906000E+01 -0.7118031E-02
0.1907500E+01 -0.7126951E-02
0.1909000E+01 -0.7161125E-02
0.1910500E+01 -0.7220552E-02
0.1912000E+01 -0.7305233E-02
0.1913500E+01 -0.7415169E-02
0.1915000E+01 -0.7562158E-02
0.1916500E+01 -0.7735090E-02
0.1918000E+01 -0.7933041E-02
0.1919500E+01 -0.8156013E-02
0.1921000E+01 -0.8404005E-02
0.1922500E+01 -0.8677017E-02
0.1924000E+01 -0.8975050E-02
0.1925500E+01 -0.9298102E-02
0.1927000E+01 -0.9304123E-02
0.1928500E+01 -0.9302396E-02
0.1930000E+01 -0.9302432E-02
0.1931500E+01 -0.9304231E-02
0.1933000E+01 -0.9307794E-02
0.1934500E+01 -0.9313120E-02
0.1936000E+01 -0.9320210E-02
0.1937500E+01 -0.9329063E-02
0.1939000E+01 -0.9339679E-02
0.1940500E+01 -0.9352059E-02
0.1942000E+01 -0.9366203E-02
0.1943500E+01 -0.9382110E-02
0.1945000E+01 -0.9399780E-02
0.1946500E+01 -0.9419214E-02
0.1948000E+01 -0.9439683E-02
0.1949500E+01 -0.9448481E-02
0.1951000E+01 -0.9455716E-02
0.1952500E+01 -0.9464678E-02
0.1954000E+01 -0.9475088E-02
0.1955500E+01 -0.9484154E-02
0.1957000E+01 -0.9491874E-02
0.1958500E+01 -0.9498250E-02
0.1960000E+01 -0.9503416E-02
0.1961500E+01 -0.9509503E-02
0.1963000E+01 -0.9537048E-02
0.1964500E+01 -0.9568756E-02
0.1966000E+01 -0.9601943E-02
0.1967500E+01 -0.9636611E-02
0.1969000E+01 -0.9666783E-02
0.1970500E+01 -0.9690032E-02
0.1972000E+01 -0.9714870E-02
0.1973500E+01 -0.9741297E-02
0.1975000E+01 -0.9767986E-02
0.1976500E+01 -0.9791938E-02
0.1978000E+01 -0.9817865E-02
0.1979500E+01 -0.9845190E-02
0.1981000E+01 -0.9873307E-02
0.1982500E+01 -0.9902214E-02
0.1984000E+01 -0.9934591E-02
0.1985500E+01 -0.9969662E-02
0.1987000E+01 -0.1000454E-01
0.1988500E+01 -0.1003923E-01
0.1990000E+01 -0.1007373E-01
0.1991500E+01 -0.1010804E-01
0.1993000E+01 -0.1014215E-01
0.1994500E+01 -0.1017608E-01
0.1996000E+01 -0.1017317E-01
0.1997500E+01 -0.1016633E-01
0.1999000E+01 -0.1015945E-01
0.2000500E+01 -0.1015254E-01
0.2002000E+01 -0.1014560E-01
0.2003500E+01 -0.1013861E-01
0.2005000E+01 -0.1013159E-01
0.2006500E+01 -0.1008599E-01
0.2008000E+01 -0.9896835E-02
0.2009500E+01 -0.9560237E-02
0.2011000E+01 -0.9073434E-02
0.2012500E+01 -0.8436427E-02
0.2014000E+01 -0.8322591E-02
0.2015500E+01 -0.8317779E-02
0.2017000E+01 -0.8852437E-02
0.2018500E+01 -0.9694661E-02
0.2020000E+01 -0.1052261E-01
0.2021500E+01 -0.1133627E-01
0.2023000E+01 -0.1213565E-01
0.2024500E+01 -0.1292076E-01
0.2026000E+01 -0.1369158E-01
0.2027500E+01 -0.1444813E-01
0.2029000E+01 -0.1519039E-01
0.2030500E+01 -0.1591837E-01
0.2032000E+01 -0.1663208E-01
0.2033500E+01 -0.1733150E-01
0.2035000E+01 -0.1801665E-01
0.2036500E+01 -0.1868751E-01
0.2038000E+01 -0.1934472E-01
0.2039500E+01 -0.1998708E-01
0.2041000E+01 -0.2061384E-01
0.2042500E+01 -0.2122502E-01
0.2044000E+01 -0.2182060E-01
0.2045500E+01 -0.2240078E-01
0.2047000E+01 -0.2296595E-01
0.2048500E+01 -0.2351612E-01
0.2050000E+01 -0.2405129E-01
0.2051500E+01 -0.2457146E-01
0.2053000E+01 -0.2507664E-01
0.2054500E+01 -0.2556682E-01
0.2056000E+01 -0.2604200E-01
0.2057500E+01 -0.2650219E-01
0.2059000E+01 -0.2694738E-01
0.2060500E+01 -0.2737758E-01
0.2062000E+01 -0.2779278E-01
0.2063500E+01 -0.2819298E-01
0.2065000E+01 -0.2857818E-01
0.2066500E+01 -0.2894839E-01
0.2068000E+01 -0.2930360E-01
0.2069500E+01 -0.2964381E-01
0.2071000E+01 -0.2996903E-01
0.2072500E+01 -0.3027925E-01
0.2074000E+01 -0.3057448E-01
0.2075500E+01 -0.3085470E-01
0.2077000E+01 -0.3111993E-01
0.2078500E+01 -0.3137017E-01
0.2080000E+01 -0.3160540E-01
0.2081500E+01 -0.3182564E-01
0.2083000E+01 -0.3214510E-01
0.2084500E+01 -0.3245541E-01
0.2086000E+01 -0.3274904E-01
0.2087500E+01 -0.3302597E-01
0.2089000E+01 -0.3328621E-01
0.2090500E+01 -0.3352977E-01
0.2092000E+01 -0.3375663E-01
0.2093500E+01 -0.3396681E-01
0.2095000E+01 -0.3416029E-01
0.2096500E+01 -0.3433709E-01
0.2098000E+01 -0.3449719E-01
0.2099500E+01 -0.3464060E-01
0.2101000E+01 -0.3476733E-01
0.2102500E+01 -0.3487736E-01
0.2104000E+01 -0.3497071E-01
0.2105500E+01 -0.3504736E-01
0.2107000E+01 -0.3510732E-01
0.2108500E+01 -0.3515060E-01
0.2110000E+01 -0.3517718E-01
0.2111500E+01 -0.3518708E-01
0.2113000E+01 -0.3518028E-01
0.2114500E+01 -0.3515679E-01
0.2116000E+01 -0.3511662E-01
0.2117500E+01 -0.3505975E-01
0.2119000E+01 -0.3498619E-01
0.2120500E+01 -0.3489595E-01
0.2122000E+01 -0.3478901E-01
0.2123500E+01 -0.3466539E-01
0.2125000E+01 -0.3426641E-01
0.2126500E+01 -0.3296055E-01
0.2128000E+01 -0.3071918E-01
0.2129500E+01 -0.2754229E-01
0.2131000E+01 -0.2340191E-01
0.2132500E+01 -0.2948563E-01
0.2134000E+01 -0.3614792E-01
0.2135500E+01 -0.4064421E-01
0.2137000E+01 -0.4297452E-01
0.2138500E+01 -0.4312336E-01
0.2140000E+01 -0.4116554E-01
0.2141500E+01 -0.3787020E-01
0.2143000E+01 -0.3358670E-01
0.2144500E+01 -0.3262528E-01
0.2146000E+01 -0.3169358E-01
0.2147500E+01 -0.3077231E-01
0.2149000E+01 -0.2986147E-01
0.2150500E+01 -0.2894625E-01
0.2152000E+01 -0.2801108E-01
0.2153500E+01 -0.2708832E-01
0.2155000E+01 -0.2617797E-01
0.2156500E+01 -0.2528002E-01
0.2158000E+01 -0.2439449E-01
0.2159500E+01 -0.2352136E-01
0.2161000E+01 -0.2266064E-01
0.2162500E+01 -0.2181233E-01
0.2164000E+01 -0.2097643E-01
0.2165500E+01 -0.2007541E-01
0.2167000E+01 -0.1914472E-01
0.2168500E+01 -0.1821408E-01
0.2170000E+01 -0.1739677E-01
0.2171500E+01 -0.1661409E-01
0.2173000E+01 -0.1586605E-01
0.2174500E+01 -0.1525496E-01
0.2176000E+01 -0.1473019E-01
0.2177500E+01 -0.1422855E-01
0.2179000E+01 -0.1375065E-01
0.2180500E+01 -0.1329646E-01
0.2182000E+01 -0.1286586E-01
0.2183500E+01 -0.1245886E-01
0.2185000E+01 -0.1207548E-01
0.2186500E+01 -0.1171570E-01
0.2188000E+01 -0.1138340E-01
0.2189500E+01 -0.1107685E-01
0.2191000E+01 -0.1079395E-01
0.2192500E+01 -0.1053471E-01
0.2194000E+01 -0.1029912E-01
0.2195500E+01 -0.1008720E-01
0.2197000E+01 -0.9898824E-02
0.2198500E+01 -0.9661308E-02
0.2200000E+01 -0.9311092E-02
0.2201500E+01 -0.8958657E-02
0.2203000E+01 -0.8620499E-02
0.2204500E+01 -0.8297799E-02
0.2206000E+01 -0.7989754E-02
0.2207500E+01 -0.7703305E-02
0.2209000E+01 -0.7461051E-02
0.2210500E+01 -0.7228656E-02
0.2212000E+01 -0.7003064E-02
0.2213500E+01 -0.6784304E-02
0.2215000E+01 -0.6572377E-02
0.2216500E+01 -0.6367282E-02
0.2218000E+01 -0.6170881E-02
0.2219500E+01 -0.5982080E-02
0.2221000E+01 -0.5800138E-02
0.2222500E+01 -0.5625056E-02
0.2224000E+01 -0.5456835E-02
0.2225500E+01 -0.5295474E-02
0.2227000E+01 -0.5140973E-02
0.2228500E+01 -0.4986543E-02
0.2230000E+01 -0.4874395E-02
0.2231500E+01 -0.4785102E-02
0.2233000E+01 -0.4699452E-02
0.2234500E+01 -0.4615071E-02
0.2236000E+01 -0.4530798E-02
0.2237500E+01 -0.4446633E-02
0.2239000E+01 -0.4362575E-02
0.2240500E+01 -0.4278626E-02
0.2242000E+01 -0.4194784E-02
0.2243500E+01 -0.4111050E-02
0.2245000E+01 -0.4027424E-02
0.2246500E+01 -0.3943906E-02
0.2248000E+01 -0.3860495E-02
0.2249500E+01 -0.3777193E-02
0.2251000E+01 -0.3693998E-02
0.2252500E+01 -0.3610887E-02
0.2254000E+01 -0.3527821E-02
0.2255500E+01 -0.3444799E-02
0.2257000E+01 -0.3425764E-02
0.2258500E+01 -0.3497802E-02
0.2260000E+01 -0.3560501E-02
0.2261500E+01 -0.3612163E-02
0.2263000E+01 -0.3652788E-02
0.2264500E+01 -0.3694018E-02
0.2266000E+01 -0.3959997E-02
0.2267500E+01 -0.4213297E-02
0.2269000E+01 -0.4577917E-02
0.2270500E+01 -0.5028421E-02
0.2272000E+01 -0.5461213E-02
0.2273500E+01 -0.5876294E-02
0.2275000E+01 -0.6273663E-02
0.2276500E+01 -0.6653320E-02
0.2278000E+01 -0.7015266E-02
0.2279500E+01 -0.7359500E-02
0.2281000E+01 -0.7686022E-02
0.2282500E+01 -0.7994832E-02
0.2284000E+01 -0.8285931E-02
0.2285500E+01 -0.8559318E-02
0.2287000E+01 -0.8814993E-02
0.2288500E+01 -0.9052956E-02
0.2290000E+01 -0.9273208E-02
0.2291500E+01 -0.9475748E-02
0.2293000E+01 -0.9660851E-02
0.2294500E+01 -0.9795458E-02
0.2296000E+01 -0.9763771E-02
0.2297500E+01 -0.9717237E-02
0.2299000E+01 -0.9655854E-02
0.2300500E+01 -0.9579623E-02
0.2302000E+01 -0.9488544E-02
0.2303500E+01 -0.9382616E-02
0.2305000E+01 -0.9261841E-02
0.2306500E+01 -0.9126217E-02
0.2308000E+01 -0.8975745E-02
0.2309500E+01 -0.8810425E-02
0.2311000E+01 -0.8630257E-02
0.2312500E+01 -0.8458240E-02
0.2314000E+01 -0.8293726E-02
0.2315500E+01 -0.8090214E-02
0.2317000E+01 -0.7849518E-02
0.2318500E+01 -0.7603603E-02
0.2320000E+01 -0.7354017E-02
0.2321500E+01 -0.7101265E-02
0.2323000E+01 -0.6845349E-02
0.2324500E+01 -0.6586269E-02
0.2326000E+01 -0.6324024E-02
0.2327500E+01 -0.6103608E-02
0.2329000E+01 -0.6150961E-02
0.2330500E+01 -0.6208840E-02
0.2332000E+01 -0.6277246E-02
0.2333500E+01 -0.6356178E-02
0.2335000E+01 -0.6445635E-02
0.2336500E+01 -0.6545619E-02
0.2338000E+01 -0.6656129E-02
0.2339500E+01 -0.6777165E-02
0.2341000E+01 -0.6907961E-02
0.2342500E+01 -0.7048807E-02
0.2344000E+01 -0.7200631E-02
0.2345500E+01 -0.7363488E-02
0.2347000E+01 -0.7536373E-02
0.2348500E+01 -0.7719506E-02
0.2350000E+01 -0.7904770E-02
0.2351500E+01 -0.8114280E-02
0.2353000E+01 -0.8347824E-02
0.2354500E+01 -0.8605080E-02
0.2356000E+01 -0.8886360E-02
0.2357500E+01 -0.9191518E-02
0.2359000E+01 -0.9520495E-02
0.2360500E+01 -0.9873290E-02
0.2362000E+01 -0.1024990E-01
0.2363500E+01 -0.1066382E-01
0.2365000E+01 -0.1118872E-01
0.2366500E+01 -0.1183417E-01
0.2368000E+01 -0.1259988E-01
0.2369500E+01 -0.1348586E-01
0.2371000E+01 -0.1436012E-01
0.2372500E+01 -0.1490280E-01
0.2374000E+01 -0.1548133E-01
0.2375500E+01 -0.1606396E-01
0.2377000E+01 -0.1663870E-01
0.2378500E+01 -0.1725316E-01
0.2380000E+01 -0.1790703E-01
0.2381500E+01 -0.1859032E-01
0.2383000E+01 -0.1930425E-01
0.2384500E+01 -0.2005734E-01
0.2386000E+01 -0.2084958E-01
0.2387500E+01 -0.2168096E-01
0.2389000E+01 -0.2255150E-01
0.2390500E+01 -0.2346119E-01
0.2392000E+01 -0.2441003E-01
0.2393500E+01 -0.2490388E-01
0.2395000E+01 -0.2539353E-01
0.2396500E+01 -0.2592187E-01
0.2398000E+01 -0.2648891E-01
0.2399500E+01 -0.2669265E-01
0.2401000E+01 -0.2659363E-01
0.2402500E+01 -0.2650652E-01
0.2404000E+01 -0.2644097E-01
0.2405500E+01 -0.2638921E-01
0.2407000E+01 -0.2634956E-01
0.2408500E+01 -0.2632202E-01
0.2410000E+01 -0.2630659E-01
0.2411500E+01 -0.2630327E-01
0.2413000E+01 -0.2631206E-01
0.2414500E+01 -0.2633296E-01
0.2416000E+01 -0.2636597E-01
0.2417500E+01 -0.2641108E-01
0.2419000E+01 -0.2646831E-01
0.2420500E+01 -0.2653765E-01
0.2422000E+01 -0.2661910E-01
0.2423500E+01 -0.2671266E-01
0.2425000E+01 -0.2662400E-01
0.2426500E+01 -0.2652335E-01
0.2428000E+01 -0.2642830E-01
0.2429500E+01 -0.2633886E-01
0.2431000E+01 -0.2623449E-01
0.2432500E+01 -0.2612727E-01
0.2434000E+01 -0.2604318E-01
0.2435500E+01 -0.2596067E-01
0.2437000E+01 -0.2587754E-01
0.2438500E+01 -0.2580079E-01
0.2440000E+01 -0.2745367E-01
0.2441500E+01 -0.2905205E-01
0.2443000E+01 -0.2904747E-01
0.2444500E+01 -0.2888717E-01
0.2446000E+01 -0.2869216E-01
0.2447500E+01 -0.2850938E-01
0.2449000E+01 -0.2833883E-01
0.2450500E+01 -0.2815616E-01
0.2452000E+01 -0.2798489E-01
0.2453500E+01 -0.2782788E-01
0.2455000E+01 -0.2768513E-01
0.2456500E+01 -0.2767043E-01
0.2458000E+01 -0.2770724E-01
0.2459500E+01 -0.2777156E-01
0.2461000E+01 -0.2786340E-01
0.2462500E+01 -0.2752244E-01
0.2464000E+01 -0.2709970E-01
0.2465500E+01 -0.2670715E-01
0.2467000E+01 -0.2635959E-01
0.2468500E+01 -0.2608259E-01
0.2470000E+01 -0.2578788E-01
0.2471500E+01 -0.2555918E-01
0.2473000E+01 -0.2531169E-01
0.2474500E+01 -0.2500782E-01
0.2476000E+01 -0.2461195E-01
0.2477500E+01 -0.2416445E-01
0.2479000E+01 -0.2367073E-01
0.2480500E+01 -0.2318236E-01
0.2482000E+01 -0.2262319E-01
0.2483500E+01 -0.2196792E-01
0.2485000E+01 -0.2121655E-01
0.2486500E+01 -0.2036908E-01
0.2488000E+01 -0.1942552E-01
0.2489500E+01 -0.1838586E-01
0.2491000E+01 -0.1724927E-01
0.2492500E+01 -0.1580129E-01
0.2494000E+01 -0.1393570E-01
0.2495500E+01 -0.1165247E-01
0.2497000E+01 -0.8951626E-02
0.2498500E+01 -0.7749064E-02
0.2500000E+01 -0.7155171E-02
0.2501500E+01 -0.7068191E-02
0.2503000E+01 -0.7488123E-02
0.2504500E+01 -0.8162824E-02
0.2506000E+01 -0.8797990E-02
0.2507500E+01 -0.9394576E-02
0.2509000E+01 -0.9952581E-02
0.2510500E+01 -0.1697067E-01
0.2512000E+01 -0.3831937E-01
0.2513500E+01 -0.6225595E-01
0.2515000E+01 -0.8878041E-01
0.2516500E+01 -0.1178927E+00
0.2518000E+01 -0.1495930E+00
0.2519500E+01 -0.1588573E+00
0.2521000E+01 -0.1596702E+00
0.2522500E+01 -0.1599849E+00
0.2524000E+01 -0.1598015E+00
0.2525500E+01 -0.1591198E+00
0.2527000E+01 -0.1579400E+00
0.2528500E+01 -0.1562620E+00
0.2530000E+01 -0.1540999E+00
0.2531500E+01 -0.1515748E+00
0.2533000E+01 -0.1489217E+00
0.2534500E+01 -0.1461509E+00
0.2536000E+01 -0.1432623E+00
0.2537500E+01 -0.1402560E+00
0.2539000E+01 -0.1371320E+00
0.2540500E+01 -0.1338903E+00
0.2542000E+01 -0.1305308E+00
0.2543500E+01 -0.1270536E+00
0.2545000E+01 -0.1234587E+00
0.2546500E+01 -0.1197461E+00
0.2548000E+01 -0.1159157E+00
0.2549500E+01 -0.1119677E+00
0.2551000E+01 -0.1079019E+00
0.2552500E+01 -0.1037183E+00
0.2554000E+01 -0.9941709E-01
0.2555500E+01 -0.9499811E-01
0.2557000E+01 -0.9045213E-01
0.2558500E+01 -0.8582029E-01
0.2560000E+01 -0.8114212E-01
0.2561500E+01 -0.7641761E-01
0.2563000E+01 -0.7164677E-01
0.2564500E+01 -0.6682960E-01
0.2566000E+01 -0.6196610E-01
0.2567500E+01 -0.5705626E-01
0.2569000E+01 -0.5346647E-01
0.2570500E+01 -0.5205916E-01
0.2572000E+01 -0.5069419E-01
0.2573500E+01 -0.4937157E-01
0.2575000E+01 -0.4809129E-01
0.2576500E+01 -0.4673897E-01
0.2578000E+01 -0.4523199E-01
0.2579500E+01 -0.4376979E-01
0.2581000E+01 -0.4235237E-01
0.2582500E+01 -0.4097973E-01
0.2584000E+01 -0.3965186E-01
0.2585500E+01 -0.3836878E-01
0.2587000E+01 -0.3713047E-01
0.2588500E+01 -0.3593693E-01
0.2590000E+01 -0.3479740E-01
0.2591500E+01 -0.3371840E-01
0.2593000E+01 -0.3268710E-01
0.2594500E+01 -0.3170347E-01
0.2596000E+01 -0.3075569E-01
0.2597500E+01 -0.2982294E-01
0.2599000E+01 -0.2890429E-01
0.2600500E+01 -0.2799957E-01
0.2602000E+01 -0.2710876E-01
0.2603500E+01 -0.2623187E-01
0.2605000E+01 -0.2536889E-01
0.2606500E+01 -0.2451984E-01
0.2608000E+01 -0.2368470E-01
0.2609500E+01 -0.2286348E-01
0.2611000E+01 -0.2205617E-01
0.2612500E+01 -0.2126279E-01
0.2614000E+01 -0.2048332E-01
0.2615500E+01 -0.1971771E-01
0.2617000E+01 -0.1894266E-01
0.2618500E+01 -0.1817228E-01
0.2620000E+01 -0.1740657E-01
0.2621500E+01 -0.1664552E-01
0.2623000E+01 -0.1588915E-01
0.2624500E+01 -0.1513745E-01
0.2626000E+01 -0.1435026E-01
0.2627500E+01 -0.1357923E-01
0.2629000E+01 -0.1281532E-01
0.2630500E+01 -0.1205855E-01
0.2632000E+01 -0.1130892E-01
0.2633500E+01 -0.1056642E-01
0.2635000E+01 -0.9831051E-02
0.2636500E+01 -0.9102819E-02
0.2638000E+01 -0.8381722E-02
0.2639500E+01 -0.7667760E-02
0.2641000E+01 -0.6960932E-02
0.2642500E+01 -0.6261239E-02
0.2644000E+01 -0.5568681E-02
0.2645500E+01 -0.4883256E-02
0.2647000E+01 -0.4205902E-02
0.2648500E+01 -0.3544340E-02
0.2650000E+01 -0.2873175E-02
0.2651500E+01 -0.3340698E-02
0.2653000E+01 -0.2687345E-02
0.2654500E+01 -0.2041854E-02
0.2656000E+01 -0.1404226E-02
0.2657500E+01 -0.7399904E-03
0.2659000E+01 -0.7469653E-04
0.2660500E+01 0.5824286E-03
0.2662000E+01 0.1231385E-02
0.2663500E+01 0.1872173E-02
0.2665000E+01 0.2504792E-02
0.2666500E+01 0.3129242E-02
0.2668000E+01 0.3745524E-02
0.2669500E+01 0.4353636E-02
0.2671000E+01 0.4953580E-02
0.2672500E+01 0.5545356E-02
0.2674000E+01 0.6128963E-02
0.2675500E+01 0.6704400E-02
0.2677000E+01 0.7271670E-02
0.2678500E+01 0.7830770E-02
0.2680000E+01 0.8381702E-02
0.2681500E+01 0.8924465E-02
0.2683000E+01 0.9459059E-02
0.2684500E+01 0.9985485E-02
0.2686000E+01 0.1048902E-01
0.2687500E+01 0.1098184E-01
0.2689000E+01 0.1146635E-01
0.2690500E+01 0.1194254E-01
0.2692000E+01 0.1241043E-01
0.2693500E+01 0.1287000E-01
0.2695000E+01 0.1332125E-01
0.2696500E+01 0.1376420E-01
0.2698000E+01 0.1429150E-01
0.2699500E+01 0.1530408E-01
0.2701000E+01 0.1628257E-01
0.2702500E+01 0.1722696E-01
0.2704000E+01 0.1813678E-01
0.2705500E+01 0.1901153E-01
0.2707000E+01 0.1985140E-01
0.2708500E+01 0.2065640E-01
0.2710000E+01 0.2142570E-01
0.2711500E+01 0.2215620E-01
0.2713000E+01 0.2285995E-01
0.2714500E+01 0.2352877E-01
0.2716000E+01 0.2418580E-01
0.2717500E+01 0.2491402E-01
0.2719000E+01 0.2560623E-01
0.2720500E+01 0.2626243E-01
0.2722000E+01 0.2688261E-01
0.2723500E+01 0.2746392E-01
0.2725000E+01 0.2799859E-01
0.2726500E+01 0.2849799E-01
0.2728000E+01 0.2896213E-01
0.2729500E+01 0.2939100E-01
0.2731000E+01 0.2978461E-01
0.2732500E+01 0.3014295E-01
0.2734000E+01 0.3043338E-01
0.2735500E+01 0.3059320E-01
0.2737000E+01 0.3073241E-01
0.2738500E+01 0.3085099E-01
0.2740000E+01 0.3094894E-01
0.2741500E+01 0.3102628E-01
0.2743000E+01 0.3108299E-01
0.2744500E+01 0.3111907E-01
0.2746000E+01 0.3095979E-01
0.2747500E+01 0.3059076E-01
0.2749000E+01 0.3059347E-01
0.2750500E+01 0.3056008E-01
0.2752000E+01 0.3049060E-01
0.2753500E+01 0.3038506E-01
0.2755000E+01 0.3027005E-01
0.2756500E+01 0.3019333E-01
0.2758000E+01 0.3011285E-01
0.2759500E+01 0.3002860E-01
0.2761000E+01 0.2994058E-01
0.2762500E+01 0.2984879E-01
0.2764000E+01 0.2975323E-01
0.2765500E+01 0.2965390E-01
0.2767000E+01 0.2955080E-01
0.2768500E+01 0.2944436E-01
0.2770000E+01 0.2927632E-01
0.2771500E+01 0.2906823E-01
0.2773000E+01 0.2886400E-01
0.2774500E+01 0.2867408E-01
0.2776000E+01 0.2850875E-01
0.2777500E+01 0.2834835E-01
0.2779000E+01 0.2819287E-01
0.2780500E+01 0.2804231E-01
0.2782000E+01 0.2789352E-01
0.2783500E+01 0.2773732E-01
0.2785000E+01 0.2758100E-01
0.2786500E+01 0.2741873E-01
0.2788000E+01 0.2726151E-01
0.2789500E+01 0.2705576E-01
0.2791000E+01 0.2681787E-01
0.2792500E+01 0.2658096E-01
0.2794000E+01 0.2634475E-01
0.2795500E+01 0.2610924E-01
0.2797000E+01 0.2587443E-01
0.2798500E+01 0.2564032E-01
0.2800000E+01 0.2540691E-01
0.2801500E+01 0.2517419E-01
0.2803000E+01 0.2494218E-01
0.2804500E+01 0.2471086E-01
0.2806000E+01 0.2448024E-01
0.2807500E+01 0.2425032E-01
0.2809000E+01 0.2398338E-01
0.2810500E+01 0.2368797E-01
0.2812000E+01 0.2338196E-01
0.2813500E+01 0.2287705E-01
0.2815000E+01 0.2237339E-01
0.2816500E+01 0.2187067E-01
0.2818000E+01 0.2136407E-01
0.2819500E+01 0.2085201E-01
0.2821000E+01 0.2044929E-01
0.2822500E+01 0.2012354E-01
0.2824000E+01 0.1979780E-01
0.2825500E+01 0.1951008E-01
0.2827000E+01 0.1921929E-01
0.2828500E+01 0.1892545E-01
0.2830000E+01 0.1862854E-01
0.2831500E+01 0.1832858E-01
0.2833000E+01 0.1802555E-01
0.2834500E+01 0.1771946E-01
0.2836000E+01 0.1741031E-01
0.2837500E+01 0.1709810E-01
0.2839000E+01 0.1678283E-01
0.2840500E+01 0.1646450E-01
0.2842000E+01 0.1614714E-01
0.2843500E+01 0.1582777E-01
0.2845000E+01 0.1550497E-01
0.2846500E+01 0.1518453E-01
0.2848000E+01 0.1487085E-01
0.2849500E+01 0.1454923E-01
0.2851000E+01 0.1421965E-01
0.2852500E+01 0.1432494E-01
0.2854000E+01 0.1458865E-01
0.2855500E+01 0.1484086E-01
0.2857000E+01 0.1508158E-01
0.2858500E+01 0.1536011E-01
0.2860000E+01 0.1568624E-01
0.2861500E+01 0.1589722E-01
0.2863000E+01 0.1609663E-01
0.2864500E+01 0.1628447E-01
0.2866000E+01 0.1646075E-01
0.2867500E+01 0.1662545E-01
0.2869000E+01 0.1677860E-01
0.2870500E+01 0.1692067E-01
0.2872000E+01 0.1705201E-01
0.2873500E+01 0.1717260E-01
0.2875000E+01 0.1728271E-01
0.2876500E+01 0.1738419E-01
0.2878000E+01 0.1747670E-01
0.2879500E+01 0.1756024E-01
0.2881000E+01 0.1763481E-01
0.2882500E+01 0.1769762E-01
0.2884000E+01 0.1774970E-01
0.2885500E+01 0.1779279E-01
0.2887000E+01 0.1782690E-01
0.2888500E+01 0.1785202E-01
0.2890000E+01 0.1786815E-01
0.2891500E+01 0.1787530E-01
0.2893000E+01 0.1787361E-01
0.2894500E+01 0.1786320E-01
0.2896000E+01 0.1784407E-01
0.2897500E+01 0.1781621E-01
0.2899000E+01 0.1777963E-01
0.2900500E+01 0.1773433E-01
0.2902000E+01 0.1768234E-01
0.2903500E+01 0.1762923E-01
0.2905000E+01 0.1757530E-01
0.2906500E+01 0.1752057E-01
0.2908000E+01 0.1746569E-01
0.2909500E+01 0.1741017E-01
0.2911000E+01 0.1735385E-01
0.2912500E+01 0.1729671E-01
0.2914000E+01 0.1723876E-01
0.2915500E+01 0.1717999E-01
0.2917000E+01 0.1712041E-01
0.2918500E+01 0.1706002E-01
0.2920000E+01 0.1699881E-01
0.2921500E+01 0.1693679E-01
0.2923000E+01 0.1687396E-01
0.2924500E+01 0.1681032E-01
0.2926000E+01 0.1674586E-01
0.2927500E+01 0.1668059E-01
0.2929000E+01 0.1661450E-01
0.2930500E+01 0.1654761E-01
0.2932000E+01 0.1647990E-01
0.2933500E+01 0.1641137E-01
0.2935000E+01 0.1634203E-01
0.2936500E+01 0.1627188E-01
0.2938000E+01 0.1620135E-01
0.2939500E+01 0.1613056E-01
0.2941000E+01 0.1605929E-01
0.2942500E+01 0.1598754E-01
0.2944000E+01 0.1591530E-01
0.2945500E+01 0.1584258E-01
0.2947000E+01 0.1576938E-01
0.2948500E+01 0.1569570E-01
0.2950000E+01 0.1562153E-01
0.2951500E+01 0.1554580E-01
0.2953000E+01 0.1545814E-01
0.2954500E+01 0.1536977E-01
0.2956000E+01 0.1528068E-01
0.2957500E+01 0.1519088E-01
0.2959000E+01 0.1510038E-01
0.2960500E+01 0.1500919E-01
0.2962000E+01 0.1491732E-01
0.2963500E+01 0.1482476E-01
0.2965000E+01 0.1473230E-01
0.2966500E+01 0.1464002E-01
0.2968000E+01 0.1454902E-01
0.2969500E+01 0.1445786E-01
0.2971000E+01 0.1436684E-01
0.2972500E+01 0.1427607E-01
0.2974000E+01 0.1418556E-01
0.2975500E+01 0.1409531E-01
0.2977000E+01 0.1400579E-01
0.2978500E+01 0.1391728E-01
0.2980000E+01 0.1382978E-01
0.2981500E+01 0.1374330E-01
0.2983000E+01 0.1365607E-01
0.2984500E+01 0.1356817E-01
0.2986000E+01 0.1348061E-01
0.2987500E+01 0.1339321E-01
0.2989000E+01 0.1330294E-01
0.2990500E+01 0.1321192E-01
0.2992000E+01 0.1312013E-01
0.2993500E+01 0.1302748E-01
0.2995000E+01 0.1293369E-01
0.2996500E+01 0.1283876E-01
0.2998000E+01 0.1274187E-01
0.2999500E+01 0.1264928E-01
0.3001000E+01 0.1255582E-01
0.3002500E+01 0.1246148E-01
0.3004000E+01 0.1236628E-01
0.3005500E+01 0.1227020E-01
0.3007000E+01 0.1217325E-01
0.3008500E+01 0.1207544E-01
0.3010000E+01 0.1197674E-01
0.3011500E+01 0.1187718E-01
0.3013000E+01 0.1177675E-01
0.3014500E+01 0.1167544E-01
0.3016000E+01 0.1157326E-01
0.3017500E+01 0.1147021E-01
0.3019000E+01 0.1136629E-01
0.3020500E+01 0.1126150E-01
0.3022000E+01 0.1115583E-01
0.3023500E+01 0.1104930E-01
0.3025000E+01 0.1094189E-01
0.3026500E+01 0.1083361E-01
0.3028000E+01 0.1072446E-01
0.3029500E+01 0.1061392E-01
0.3031000E+01 0.1050119E-01
0.3032500E+01 0.1038758E-01
0.3034000E+01 0.1027310E-01
0.3035500E+01 0.1015774E-01
0.3037000E+01 0.1004152E-01
0.3038500E+01 0.9893458E-02
0.3040000E+01 0.9703038E-02
0.3041500E+01 0.9514935E-02
0.3043000E+01 0.9329151E-02
0.3044500E+01 0.9145684E-02
0.3046000E+01 0.8964535E-02
0.3047500E+01 0.8784292E-02
0.3049000E+01 0.8581064E-02
0.3050500E+01 0.8367929E-02
0.3052000E+01 0.8126824E-02
0.3053500E+01 0.7890086E-02
0.3055000E+01 0.7657729E-02
0.3056500E+01 0.7429753E-02
0.3058000E+01 0.7206158E-02
0.3059500E+01 0.6987343E-02
0.3061000E+01 0.6755105E-02
0.3062500E+01 0.6526014E-02
0.3064000E+01 0.6301093E-02
0.3065500E+01 0.6080342E-02
0.3067000E+01 0.5863762E-02
0.3068500E+01 0.5651353E-02
0.3070000E+01 0.5443113E-02
0.3071500E+01 0.5239044E-02
0.3073000E+01 0.5039145E-02
0.3074500E+01 0.4843417E-02
0.3076000E+01 0.4651860E-02
0.3077500E+01 0.4464524E-02
0.3079000E+01 0.4281430E-02
0.3080500E+01 0.4102580E-02
0.3082000E+01 0.3927972E-02
0.3083500E+01 0.3757608E-02
0.3085000E+01 0.3591486E-02
0.3086500E+01 0.3429608E-02
0.3088000E+01 0.3271973E-02
0.3089500E+01 0.3118580E-02
0.3091000E+01 0.2969431E-02
0.3092500E+01 0.2824525E-02
0.3094000E+01 0.2683862E-02
0.3095500E+01 0.2547442E-02
0.3097000E+01 0.2415265E-02
0.3098500E+01 0.2287331E-02
0.3100000E+01 0.2163594E-02
0.3101500E+01 0.2043960E-02
0.3103000E+01 0.1928424E-02
0.3104500E+01 0.1816987E-02
0.3106000E+01 0.1709649E-02
0.3107500E+01 0.1606410E-02
0.3109000E+01 0.1520860E-02
0.3110500E+01 0.1395961E-02
0.3112000E+01 0.1272698E-02
0.3113500E+01 0.1151070E-02
0.3115000E+01 0.1031079E-02
0.3116500E+01 0.9127236E-03
0.3118000E+01 0.7960040E-03
0.3119500E+01 0.6809204E-03
0.3121000E+01 0.5677057E-03
0.3122500E+01 0.4579379E-03
0.3124000E+01 0.3497980E-03
0.3125500E+01 0.2432860E-03
0.3127000E+01 0.1384020E-03
0.3128500E+01 0.3514593E-04
0.3130000E+01 -0.6648218E-04
0.3131500E+01 -0.1664824E-03
0.3133000E+01 -0.2648546E-03
0.3134500E+01 -0.3626502E-03
0.3136000E+01 -0.4598841E-03
0.3137500E+01 -0.5555820E-03
0.3139000E+01 -0.6497440E-03
0.3140500E+01 -0.7423699E-03
0.3142000E+01 -0.8334599E-03
0.3143500E+01 -0.9984503E-03
0.3145000E+01 -0.1211734E-02
0.3146500E+01 -0.1419127E-02
0.3148000E+01 -0.1622622E-02
0.3149500E+01 -0.1828031E-02
0.3151000E+01 -0.2034930E-02
0.3152500E+01 -0.2243319E-02
0.3154000E+01 -0.2453198E-02
0.3155500E+01 -0.2664567E-02
0.3157000E+01 -0.2877426E-02
0.3158500E+01 -0.3091774E-02
0.3160000E+01 -0.3307613E-02
0.3161500E+01 -0.3524942E-02
0.3163000E+01 -0.3743760E-02
0.3164500E+01 -0.3964069E-02
0.3166000E+01 -0.4185867E-02
0.3167500E+01 -0.4409155E-02
0.3169000E+01 -0.4605751E-02
0.3170500E+01 -0.4704177E-02
0.3172000E+01 -0.4803602E-02
0.3173500E+01 -0.4907977E-02
0.3175000E+01 -0.5014471E-02
0.3176500E+01 -0.5122056E-02
0.3178000E+01 -0.5230732E-02
0.3179500E+01 -0.5340500E-02
0.3181000E+01 -0.5451359E-02
0.3182500E+01 -0.5564042E-02
0.3184000E+01 -0.5679923E-02
0.3185500E+01 -0.5797350E-02
0.3187000E+01 -0.5921264E-02
0.3188500E+01 -0.6047897E-02
0.3190000E+01 -0.6175651E-02
0.3191500E+01 -0.6304526E-02
0.3193000E+01 -0.6434523E-02
0.3194500E+01 -0.6560344E-02
0.3196000E+01 -0.6611310E-02
0.3197500E+01 -0.6671893E-02
0.3199000E+01 -0.6744776E-02
0.3200500E+01 -0.6829233E-02
0.3202000E+01 -0.6923239E-02
0.3203500E+01 -0.6996715E-02
0.3205000E+01 -0.7061644E-02
0.3206500E+01 -0.7135267E-02
0.3208000E+01 -0.7219117E-02
0.3209500E+01 -0.7311215E-02
0.3211000E+01 -0.7410555E-02
0.3212500E+01 -0.7516668E-02
0.3214000E+01 -0.7629862E-02
0.3215500E+01 -0.7746426E-02
0.3217000E+01 -0.7851116E-02
0.3218500E+01 -0.7954460E-02
0.3220000E+01 -0.8058212E-02
0.3221500E+01 -0.8171924E-02
0.3223000E+01 -0.8285612E-02
0.3224500E+01 -0.8399275E-02
0.3226000E+01 -0.8512914E-02
0.3227500E+01 -0.8626530E-02
0.3229000E+01 -0.8740120E-02
0.3230500E+01 -0.8853687E-02
0.3232000E+01 -0.8967229E-02
0.3233500E+01 -0.9080748E-02
0.3235000E+01 -0.9194242E-02
0.3236500E+01 -0.9307711E-02
0.3238000E+01 -0.9426833E-02
0.3239500E+01 -0.9555790E-02
0.3241000E+01 -0.9684558E-02
0.3242500E+01 -0.9813137E-02
0.3244000E+01 -0.9941528E-02
0.3245500E+01 -0.1006973E-01
0.3247000E+01 -0.1019775E-01
0.3248500E+01 -0.1032518E-01
0.3250000E+01 -0.1045222E-01
0.3251500E+01 -0.1057907E-01
0.3253000E+01 -0.1070572E-01
0.3254500E+01 -0.1083218E-01
0.3256000E+01 -0.1095948E-01
0.3257500E+01 -0.1108673E-01
0.3259000E+01 -0.1121379E-01
0.3260500E+01 -0.1134532E-01
0.3262000E+01 -0.1148166E-01
0.3263500E+01 -0.1161751E-01
0.3265000E+01 -0.1175287E-01
0.3266500E+01 -0.1188774E-01
0.3268000E+01 -0.1201470E-01
0.3269500E+01 -0.1213160E-01
0.3271000E+01 -0.1224848E-01
0.3272500E+01 -0.1236532E-01
0.3274000E+01 -0.1248325E-01
0.3275500E+01 -0.1260216E-01
0.3277000E+01 -0.1272103E-01
0.3278500E+01 -0.1283986E-01
0.3280000E+01 -0.1295865E-01
0.3281500E+01 -0.1307741E-01
0.3283000E+01 -0.1319612E-01
0.3284500E+01 -0.1331592E-01
0.3286000E+01 -0.1344053E-01
0.3287500E+01 -0.1356470E-01
0.3289000E+01 -0.1368960E-01
0.3290500E+01 -0.1380835E-01
0.3292000E+01 -0.1389602E-01
0.3293500E+01 -0.1397114E-01
0.3295000E+01 -0.1404580E-01
0.3296500E+01 -0.1412002E-01
0.3298000E+01 -0.1419378E-01
0.3299500E+01 -0.1426709E-01
0.3301000E+01 -0.1434877E-01
0.3302500E+01 -0.1443976E-01
0.3304000E+01 -0.1453750E-01
0.3305500E+01 -0.1464201E-01
0.3307000E+01 -0.1475328E-01
0.3308500E+01 -0.1487131E-01
0.3310000E+01 -0.1499610E-01
0.3311500E+01 -0.1512766E-01
0.3313000E+01 -0.1526597E-01
0.3314500E+01 -0.1541105E-01
0.3316000E+01 -0.1556416E-01
0.3317500E+01 -0.1571388E-01
0.3319000E+01 -0.1586237E-01
0.3320500E+01 -0.1601741E-01
0.3322000E+01 -0.1617900E-01
0.3323500E+01 -0.1634257E-01
0.3325000E+01 -0.1639273E-01
0.3326500E+01 -0.1639527E-01
0.3328000E+01 -0.1640645E-01
0.3329500E+01 -0.1642627E-01
0.3331000E+01 -0.1645472E-01
0.3332500E+01 -0.1649225E-01
0.3334000E+01 -0.1655284E-01
0.3335500E+01 -0.1665699E-01
0.3337000E+01 -0.1673634E-01
0.3338500E+01 -0.1677850E-01
0.3340000E+01 -0.1678122E-01
0.3341500E+01 -0.1675911E-01
0.3343000E+01 -0.1671216E-01
0.3344500E+01 -0.1664034E-01
0.3346000E+01 -0.1642251E-01
0.3347500E+01 -0.1606393E-01
0.3349000E+01 -0.1568391E-01
0.3350500E+01 -0.1528246E-01
0.3352000E+01 -0.1485957E-01
0.3353500E+01 -0.1441524E-01
0.3355000E+01 -0.1394947E-01
0.3356500E+01 -0.1346227E-01
0.3358000E+01 -0.1295364E-01
0.3359500E+01 -0.1236770E-01
0.3361000E+01 -0.1181655E-01
0.3362500E+01 -0.1137783E-01
0.3364000E+01 -0.1068433E-01
0.3365500E+01 -0.1003564E-01
0.3367000E+01 -0.9493741E-02
0.3368500E+01 -0.9058632E-02
0.3370000E+01 -0.8730315E-02
0.3371500E+01 -0.8508783E-02
0.3373000E+01 -0.8913214E-02
0.3374500E+01 -0.9975067E-02
0.3376000E+01 -0.1117243E-01
0.3377500E+01 -0.1231434E-01
0.3379000E+01 -0.1201444E-01
0.3380500E+01 -0.1171807E-01
0.3382000E+01 -0.1142523E-01
0.3383500E+01 -0.1113591E-01
0.3385000E+01 -0.1085011E-01
0.3386500E+01 -0.1056785E-01
0.3388000E+01 -0.4597585E-02
0.3389500E+01 0.1264531E-02
0.3391000E+01 0.4817331E-02
0.3392500E+01 0.6060814E-02
0.3394000E+01 0.5818465E-02
0.3395500E+01 0.5573544E-02
0.3397000E+01 0.5336699E-02
0.3398500E+01 0.5107929E-02
0.3400000E+01 0.4887235E-02
0.3401500E+01 0.4674616E-02
0.3403000E+01 0.4470073E-02
0.3404500E+01 0.4273606E-02
0.3406000E+01 0.4085214E-02
0.3407500E+01 0.3816119E-02
0.3409000E+01 0.3537044E-02
0.3410500E+01 0.3270585E-02
0.3412000E+01 0.3016743E-02
0.3413500E+01 0.2775518E-02
0.3415000E+01 0.2546909E-02
0.3416500E+01 0.2330917E-02
0.3418000E+01 0.2127102E-02
0.3419500E+01 0.1934070E-02
0.3421000E+01 0.1753349E-02
0.3422500E+01 0.1584939E-02
0.3424000E+01 0.1428839E-02
0.3425500E+01 0.1285050E-02
0.3427000E+01 0.1153571E-02
0.3428500E+01 0.1027471E-02
0.3430000E+01 0.9061082E-03
0.3431500E+01 0.7890414E-03
0.3433000E+01 0.6762708E-03
0.3434500E+01 0.5677964E-03
0.3436000E+01 0.4636231E-03
0.3437500E+01 0.2964904E-03
0.3439000E+01 0.4729290E-04
0.3440500E+01 -0.1621140E-03
0.3442000E+01 -0.3844255E-03
0.3443500E+01 -0.5901682E-03
0.3445000E+01 -0.7906803E-03
0.3446500E+01 -0.9826025E-03
0.3448000E+01 -0.1172781E-02
0.3449500E+01 -0.1379176E-02
0.3451000E+01 -0.1578815E-02
0.3452500E+01 -0.1763357E-02
0.3454000E+01 -0.1939082E-02
0.3455500E+01 -0.2111081E-02
0.3457000E+01 -0.2279355E-02
0.3458500E+01 -0.2437123E-02
0.3460000E+01 -0.2561484E-02
0.3461500E+01 -0.2750827E-02
0.3463000E+01 -0.2814631E-02
0.3464500E+01 -0.2709366E-02
0.3466000E+01 -0.2601549E-02
0.3467500E+01 -0.2508300E-02
0.3469000E+01 -0.2385597E-02
0.3470500E+01 -0.1941585E-02
0.3472000E+01 -0.1491620E-02
0.3473500E+01 -0.1035701E-02
0.3475000E+01 -0.5738300E-03
0.3476500E+01 -0.1060053E-03
0.3478000E+01 0.3677725E-03
0.3479500E+01 0.8475034E-03
0.3481000E+01 0.1333087E-02
0.3482500E+01 0.1654506E-02
0.3484000E+01 0.1894825E-02
0.3485500E+01 0.2128137E-02
0.3487000E+01 0.2343089E-02
0.3488500E+01 0.2332057E-02
0.3490000E+01 0.2279333E-02
0.3491500E+01 0.2207419E-02
0.3493000E+01 0.2121825E-02
0.3494500E+01 0.2018669E-02
0.3496000E+01 0.1870822E-02
0.3497500E+01 0.1718336E-02
0.3499000E+01 0.1561210E-02
0.3500500E+01 0.1399445E-02
0.3502000E+01 0.1233040E-02
0.3503500E+01 0.1061995E-02
0.3505000E+01 0.8863180E-03
0.3506500E+01 0.7181006E-03
0.3508000E+01 0.4734208E-03
0.3509500E+01 0.2061441E-03
0.3511000E+01 -0.6267825E-04
0.3512500E+01 -0.3132307E-03
0.3514000E+01 -0.5467300E-03
0.3515500E+01 -0.7652575E-03
0.3517000E+01 -0.9659925E-03
0.3518500E+01 -0.1148952E-02
0.3520000E+01 -0.1314399E-02
0.3521500E+01 -0.1462332E-02
0.3523000E+01 -0.1603673E-02
0.3524500E+01 -0.1727973E-02
0.3526000E+01 -0.1828958E-02
0.3527500E+01 -0.1902826E-02
0.3529000E+01 -0.1959005E-02
0.3530500E+01 -0.1992713E-02
0.3532000E+01 -0.2000950E-02
0.3533500E+01 -0.1983717E-02
0.3535000E+01 -0.1941012E-02
0.3536500E+01 -0.1872628E-02
0.3538000E+01 -0.1778479E-02
0.3539500E+01 -0.2671089E-02
0.3541000E+01 -0.3674375E-02
0.3542500E+01 -0.4521869E-02
0.3544000E+01 -0.5213570E-02
0.3545500E+01 -0.5749479E-02
0.3547000E+01 -0.6129595E-02
0.3548500E+01 -0.6353919E-02
0.3550000E+01 -0.7353718E-02
0.3551500E+01 -0.7903092E-02
0.3553000E+01 -0.7961814E-02
0.3554500E+01 -0.7529883E-02
0.3556000E+01 -0.6607300E-02
0.3557500E+01 -0.5700669E-02
0.3559000E+01 -0.5262059E-02
0.3560500E+01 -0.4831563E-02
0.3562000E+01 -0.4409180E-02
0.3563500E+01 -0.3994911E-02
0.3565000E+01 -0.3588756E-02
0.3566500E+01 -0.3190714E-02
0.3568000E+01 -0.2800786E-02
0.3569500E+01 -0.2418968E-02
0.3571000E+01 -0.2045032E-02
0.3572500E+01 -0.1679218E-02
0.3574000E+01 -0.1322616E-02
0.3575500E+01 -0.9746711E-03
0.3577000E+01 -0.6351204E-03
0.3578500E+01 -0.3039642E-03
0.3580000E+01 0.1879767E-04
0.3581500E+01 0.4629013E-03
0.3583000E+01 0.9093129E-03
0.3584500E+01 0.1352741E-02
0.3586000E+01 0.1826541E-02
0.3587500E+01 0.2304101E-02
0.3589000E+01 0.2777905E-02
0.3590500E+01 0.3247953E-02
0.3592000E+01 0.3715109E-02
0.3593500E+01 0.4179467E-02
0.3595000E+01 0.4640112E-02
0.3596500E+01 0.5097044E-02
0.3598000E+01 0.5550262E-02
0.3599500E+01 0.5999767E-02
0.3601000E+01 0.6445560E-02
0.3602500E+01 0.6887641E-02
0.3604000E+01 0.7282938E-02
0.3605500E+01 0.7664991E-02
0.3607000E+01 0.8042594E-02
0.3608500E+01 0.8415746E-02
0.3610000E+01 0.8784447E-02
0.3611500E+01 0.9148697E-02
0.3613000E+01 0.9507678E-02
0.3614500E+01 0.9944573E-02
0.3616000E+01 0.1050895E-01
0.3617500E+01 0.1094204E-01
0.3619000E+01 0.1136289E-01
0.3620500E+01 0.1177151E-01
0.3622000E+01 0.1216790E-01
0.3623500E+01 0.1255205E-01
0.3625000E+01 0.1292398E-01
0.3626500E+01 0.1328367E-01
0.3628000E+01 0.1363113E-01
0.3629500E+01 0.1396635E-01
0.3631000E+01 0.1428935E-01
0.3632500E+01 0.1460011E-01
0.3634000E+01 0.1489864E-01
0.3635500E+01 0.1507491E-01
0.3637000E+01 0.1476054E-01
0.3638500E+01 0.1466597E-01
0.3640000E+01 0.1474885E-01
0.3641500E+01 0.1484327E-01
0.3643000E+01 0.1489053E-01
0.3644500E+01 0.1489940E-01
0.3646000E+01 0.1494316E-01
0.3647500E+01 0.1502790E-01
0.3649000E+01 0.1510520E-01
0.3650500E+01 0.1517505E-01
0.3652000E+01 0.1523740E-01
0.3653500E+01 0.1529224E-01
0.3655000E+01 0.1533954E-01
0.3656500E+01 0.1537932E-01
0.3658000E+01 0.1518983E-01
0.3659500E+01 0.1498425E-01
0.3661000E+01 0.1476633E-01
0.3662500E+01 0.1453607E-01
0.3664000E+01 0.1429346E-01
0.3665500E+01 0.1403852E-01
0.3667000E+01 0.1377123E-01
0.3668500E+01 0.1349160E-01
0.3670000E+01 0.1319963E-01
0.3671500E+01 0.1290391E-01
0.3673000E+01 0.1271381E-01
0.3674500E+01 0.1252172E-01
0.3676000E+01 0.1232763E-01
0.3677500E+01 0.1213154E-01
0.3679000E+01 0.1193345E-01
0.3680500E+01 0.1173337E-01
0.3682000E+01 0.1153129E-01
0.3683500E+01 0.1132723E-01
0.3685000E+01 0.1111982E-01
0.3686500E+01 0.1090695E-01
0.3688000E+01 0.1069209E-01
0.3689500E+01 0.1047522E-01
0.3691000E+01 0.1025678E-01
0.3692500E+01 0.1013577E-01
0.3694000E+01 0.1001496E-01
0.3695500E+01 0.9894370E-02
0.3697000E+01 0.9773991E-02
0.3698500E+01 0.9653825E-02
0.3700000E+01 0.9533871E-02
0.3701500E+01 0.9414130E-02
0.3703000E+01 0.9294601E-02
0.3704500E+01 0.9175285E-02
0.3706000E+01 0.9056182E-02
0.3707500E+01 0.8937292E-02
0.3709000E+01 0.8818610E-02
0.3710500E+01 0.8700128E-02
0.3712000E+01 0.8581846E-02
0.3713500E+01 0.8463764E-02
0.3715000E+01 0.8345883E-02
0.3716500E+01 0.8228201E-02
0.3718000E+01 0.8110719E-02
0.3719500E+01 0.7993438E-02
0.3721000E+01 0.7876356E-02
0.3722500E+01 0.7759474E-02
0.3724000E+01 0.7642792E-02
0.3725500E+01 0.7526309E-02
0.3727000E+01 0.7410026E-02
0.3728500E+01 0.7292088E-02
0.3730000E+01 0.7170518E-02
0.3731500E+01 0.7109484E-02
0.3733000E+01 0.7075240E-02
0.3734500E+01 0.7042784E-02
0.3736000E+01 0.7012126E-02
0.3737500E+01 0.6983292E-02
0.3739000E+01 0.6956284E-02
0.3740500E+01 0.6931101E-02
0.3742000E+01 0.6907744E-02
0.3743500E+01 0.6886213E-02
0.3745000E+01 0.6866507E-02
0.3746500E+01 0.6848627E-02
0.3748000E+01 0.6832572E-02
0.3749500E+01 0.6818343E-02
0.3751000E+01 0.6805939E-02
0.3752500E+01 0.6795362E-02
0.3754000E+01 0.6786609E-02
0.3755500E+01 0.6779689E-02
0.3757000E+01 0.6774771E-02
0.3758500E+01 0.6771687E-02
0.3760000E+01 0.6770435E-02
0.3761500E+01 0.6727870E-02
0.3763000E+01 0.6710900E-02
0.3764500E+01 0.6748883E-02
0.3766000E+01 0.6784951E-02
0.3767500E+01 0.6819104E-02
0.3769000E+01 0.6851342E-02
0.3770500E+01 0.6881665E-02
0.3772000E+01 0.6910073E-02
0.3773500E+01 0.6936565E-02
0.3775000E+01 0.6961143E-02
0.3776500E+01 0.6983806E-02
0.3778000E+01 0.7004554E-02
0.3779500E+01 0.7023387E-02
0.3781000E+01 0.7039885E-02
0.3782500E+01 0.7052845E-02
0.3784000E+01 0.7064165E-02
0.3785500E+01 0.7077434E-02
0.3787000E+01 0.7087444E-02
0.3788500E+01 0.7094412E-02
0.3790000E+01 0.7090196E-02
0.3791500E+01 0.7076056E-02
0.3793000E+01 0.7059001E-02
0.3794500E+01 0.7034056E-02
0.3796000E+01 0.7005931E-02
0.3797500E+01 0.6974625E-02
0.3799000E+01 0.6938057E-02
0.3800500E+01 0.6894939E-02
0.3802000E+01 0.6848609E-02
0.3803500E+01 0.6799476E-02
0.3805000E+01 0.6747540E-02
0.3806500E+01 0.6692355E-02
0.3808000E+01 0.6634067E-02
0.3809500E+01 0.6573013E-02
0.3811000E+01 0.6532724E-02
0.3812500E+01 0.6472270E-02
0.3814000E+01 0.6410253E-02
0.3815500E+01 0.6346672E-02
0.3817000E+01 0.6281526E-02
0.3818500E+01 0.6214817E-02
0.3820000E+01 0.6162500E-02
0.3821500E+01 0.6128349E-02
0.3823000E+01 0.6093245E-02
0.3824500E+01 0.6051616E-02
0.3826000E+01 0.6007925E-02
0.3827500E+01 0.5963220E-02
0.3829000E+01 0.5917501E-02
0.3830500E+01 0.5870769E-02
0.3832000E+01 0.5823023E-02
0.3833500E+01 0.5774263E-02
0.3835000E+01 0.5724490E-02
0.3836500E+01 0.5673703E-02
0.3838000E+01 0.5621903E-02
0.3839500E+01 0.5569088E-02
0.3841000E+01 0.5515261E-02
0.3842500E+01 0.5460419E-02
0.3844000E+01 0.5404564E-02
0.3845500E+01 0.5216440E-02
0.3847000E+01 0.4951380E-02
0.3848500E+01 0.4691678E-02
0.3850000E+01 0.4437337E-02
0.3851500E+01 0.4172421E-02
0.3853000E+01 0.3911983E-02
0.3854500E+01 0.3659506E-02
0.3856000E+01 0.3414989E-02
0.3857500E+01 0.3178422E-02
0.3859000E+01 0.2949803E-02
0.3860500E+01 0.2729132E-02
0.3862000E+01 0.2516409E-02
0.3863500E+01 0.2313909E-02
0.3865000E+01 0.2120750E-02
0.3866500E+01 0.1935589E-02
0.3868000E+01 0.1758399E-02
0.3869500E+01 0.1589241E-02
0.3871000E+01 0.1430796E-02
0.3872500E+01 0.1281197E-02
0.3874000E+01 0.1139684E-02
0.3875500E+01 0.1006257E-02
0.3877000E+01 0.8809173E-03
0.3878500E+01 0.7636635E-03
0.3880000E+01 0.6544959E-03
0.3881500E+01 0.5534146E-03
0.3883000E+01 0.4604197E-03
0.3884500E+01 0.3755110E-03
0.3886000E+01 0.2986886E-03
0.3887500E+01 0.2299525E-03
0.3889000E+01 0.1690972E-03
0.3890500E+01 0.1212207E-03
0.3892000E+01 0.1186199E-03
0.3893500E+01 0.1229151E-03
0.3895000E+01 0.1592626E-03
0.3896500E+01 0.2035136E-03
0.3898000E+01 0.2510197E-03
0.3899500E+01 0.2943626E-03
0.3901000E+01 0.3390049E-03
0.3902500E+01 0.3861254E-03
0.3904000E+01 0.4328787E-03
0.3905500E+01 0.4792649E-03
0.3907000E+01 0.5252839E-03
0.3908500E+01 0.5709358E-03
0.3910000E+01 0.6162206E-03
0.3911500E+01 0.6611382E-03
0.3913000E+01 0.7056886E-03
0.3914500E+01 0.7498719E-03
0.3916000E+01 0.7936880E-03
0.3917500E+01 0.8315675E-03
0.3919000E+01 0.8667776E-03
0.3920500E+01 0.9017513E-03
0.3922000E+01 0.9364887E-03
0.3923500E+01 0.9709897E-03
0.3925000E+01 0.1005254E-02
0.3926500E+01 0.1039283E-02
0.3928000E+01 0.1073074E-02
0.3929500E+01 0.1106630E-02
0.3931000E+01 0.1139949E-02
0.3932500E+01 0.1173032E-02
0.3934000E+01 0.1207813E-02
0.3935500E+01 0.1245338E-02
0.3937000E+01 0.1282572E-02
0.3938500E+01 0.1319516E-02
0.3940000E+01 0.1355623E-02
0.3941500E+01 0.1390235E-02
0.3943000E+01 0.1424470E-02
0.3944500E+01 0.1458329E-02
0.3946000E+01 0.1493144E-02
0.3947500E+01 0.1530855E-02
0.3949000E+01 0.1568158E-02
0.3950500E+01 0.1605052E-02
0.3952000E+01 0.1641548E-02
0.3953500E+01 0.1677659E-02
0.3955000E+01 0.1713386E-02
0.3956500E+01 0.1749514E-02
0.3958000E+01 0.1785242E-02
0.3959500E+01 0.1820567E-02
0.3961000E+01 0.1855490E-02
0.3962500E+01 0.1890010E-02
0.3964000E+01 0.1924128E-02
0.3965500E+01 0.1957843E-02
0.3967000E+01 0.1991155E-02
0.3968500E+01 0.2024065E-02
0.3970000E+01 0.2056573E-02
0.3971500E+01 0.2088678E-02
0.3973000E+01 0.2120380E-02
0.3974500E+01 0.2151665E-02
0.3976000E+01 0.2179778E-02
0.3977500E+01 0.2207498E-02
0.3979000E+01 0.2235825E-02
0.3980500E+01 0.2268555E-02
0.3982000E+01 0.2300847E-02
0.3983500E+01 0.2332699E-02
0.3985000E+01 0.2364112E-02
0.3986500E+01 0.2395087E-02
0.3988000E+01 0.2425623E-02
0.3989500E+01 0.2455720E-02
0.3991000E+01 0.2485756E-02
0.3992500E+01 0.2520413E-02
0.3994000E+01 0.2554612E-02
0.3995500E+01 0.2588354E-02
0.3997000E+01 0.2621638E-02
0.3998500E+01 0.2654465E-02
0.4000000E+01 0.2686817E-02
